2016 01 01 03 53
2016 01 01 05 09
2016 01 01 05 47
2016 01 01 12 18
2016 01 01 13 03
2016 01 02 01 08
2016 01 02 05 51
2016 01 03 03 12
2016 01 03 07 25
2016 01 04 08 52
2016 01 04 14 37
2016 01 04 21 50
2016 01 05 16 25
2016 01 06 09 25
2016 01 06 20 51
2016 01 07 17 48
2016 01 07 21 48
2016 01 07 22 03
2016 01 08 03 13
2016 01 08 08 35
2016 01 09 13 43
2016 01 09 22 11
2016 01 10 05 30
2016 01 10 13 08
2016 01 10 18 57
2016 01 10 19 20
2016 01 10 20 57
2016 01 11 02 18
2016 01 11 16 42
2016 01 11 18 10
2016 01 12 09 59
2016 01 12 10 07
2016 01 12 10 45
2016 01 12 18 05
2016 01 13 13 00
2016 01 13 14 59
2016 01 13 18 51
2016 01 15 17 02
2016 01 15 18 50
2016 01 17 02 57
2016 01 17 18 18
2016 01 18 03 34
2016 01 18 07 32
2016 01 18 22 15
2016 01 19 07 58
2016 01 20 00 42
2016 01 20 03 33
2016 01 20 15 18
2016 01 20 23 36
2016 01 21 01 50
2016 01 21 03 37
2016 01 21 06 04
2016 01 22 04 30
2016 01 22 09 15
2016 01 22 11 58
2016 01 24 05 55
2016 01 24 06 29
2016 01 25 00 48
2016 01 25 01 56
2016 01 26 02 04
2016 01 26 09 52
2016 01 27 06 30
2016 01 27 21 00
2016 01 28 05 15
2016 01 28 15 36
2016 01 28 18 15
2016 02 01 07 58
2016 02 02 07 00
2016 02 02 23 09
2016 02 03 08 36
2016 02 03 14 12
2016 02 04 22 45
2016 02 05 10 43
2016 02 06 11 17
2016 02 06 14 08
2016 02 06 17 25
2016 02 06 19 06
2016 02 08 03 53
2016 02 08 19 41
2016 02 09 07 43
2016 02 09 12 53
2016 02 09 23 07
2016 02 10 21 49
2016 02 11 08 38
2016 02 11 11 14
2016 02 12 00 43
2016 02 12 01 28
2016 02 13 08 26
2016 02 13 22 57
2016 02 14 12 06
2016 02 15 17 35
2016 02 16 13 28
2016 02 16 20 13
2016 02 16 23 20
2016 02 17 00 10
2016 02 17 20 33
2016 02 18 09 17
2016 02 19 06 27
2016 02 19 08 29
2016 02 19 12 53
2016 02 20 11 45
2016 02 20 16 57
2016 02 20 19 44
2016 02 20 20 32
2016 02 20 21 35
2016 02 21 02 58
2016 02 21 03 21
2016 02 22 06 47
2016 02 22 14 07
2016 02 22 16 49
2016 02 22 18 44
2016 02 23 12 40
2016 02 24 00 31
2016 02 24 08 40
2016 02 24 15 54
2016 02 24 22 40
2016 02 25 00 11
2016 02 25 05 25
2016 02 25 10 19
2016 02 26 00 43
2016 02 26 10 11
2016 02 27 04 26
2016 02 27 04 55
2016 02 27 16 15
2016 02 28 05 39
2016 02 28 06 41
2016 03 01 12 35
2016 03 01 15 19
2016 03 02 07 20
2016 03 02 09 04
2016 03 02 18 42
2016 03 04 08 19
2016 03 04 13 57
2016 03 05 00 59
2016 03 05 03 39
2016 03 05 04 06
2016 03 05 15 31
2016 03 05 17 54
2016 03 05 17 57
2016 03 06 08 34
2016 03 07 05 01
2016 03 07 14 16
2016 03 07 22 34
2016 03 07 23 34
2016 03 09 01 11
2016 03 09 09 35
2016 03 09 13 21
2016 03 09 14 03
2016 03 09 20 35
2016 03 10 10 36
2016 03 10 22 56
2016 03 11 02 50
2016 03 11 10 34
2016 03 11 10 54
2016 03 12 12 01
2016 03 12 20 35
2016 03 12 20 58
2016 03 12 22 44
2016 03 13 01 50
2016 03 14 13 59
2016 03 15 04 12
2016 03 15 08 26
2016 03 15 16 18
2016 03 15 18 32
2016 03 16 02 51
2016 03 16 09 35
2016 03 16 09 48
2016 03 16 12 59
2016 03 16 14 03
2016 03 16 16 35
2016 03 17 03 30
2016 03 17 21 57
2016 03 17 22 39
2016 03 18 06 47
2016 03 19 06 21
2016 03 19 11 31
2016 03 19 21 01
2016 03 20 02 10
2016 03 20 07 25
2016 03 20 11 38
2016 03 21 01 16
2016 03 21 04 43
2016 03 21 15 42
2016 03 21 17 30
2016 03 21 22 43
2016 03 22 05 08
2016 03 22 10 24
2016 03 22 19 56
2016 03 24 06 43
2016 03 24 09 18
2016 03 24 20 51
2016 03 25 00 58
2016 03 25 01 40
2016 03 25 04 36
2016 03 25 14 39
2016 03 25 16 07
2016 03 26 04 20
2016 03 28 10 12
2016 03 28 10 27
2016 03 28 18 32
2016 03 28 21 44
2016 03 28 21 58
2016 04 01 00 32
2016 04 01 17 10
2016 04 02 01 51
2016 04 02 09 45
2016 04 02 10 31
2016 04 02 10 57
2016 04 03 01 15
2016 04 03 09 03
2016 04 03 11 33
2016 04 03 16 50
2016 04 04 04 08
2016 04 04 07 43
2016 04 05 18 50
2016 04 05 19 34
2016 04 05 20 09
2016 04 06 01 56
2016 04 06 02 15
2016 04 06 03 31
2016 04 06 19 15
2016 04 07 00 44
2016 04 07 10 12
2016 04 08 09 22
2016 04 08 10 30
2016 04 09 04 36
2016 04 09 08 04
2016 04 09 17 19
2016 04 09 17 47
2016 04 10 01 32
2016 04 10 16 30
2016 04 11 07 37
2016 04 11 21 08
2016 04 11 22 09
2016 04 12 02 38
2016 04 12 05 00
2016 04 12 08 18
2016 04 12 09 55
2016 04 13 03 14
2016 04 13 09 37
2016 04 13 15 39
2016 04 13 21 39
2016 04 14 17 03
2016 04 15 20 43
2016 04 16 01 35
2016 04 16 03 24
2016 04 16 05 58
2016 04 17 09 51
2016 04 18 06 46
2016 04 18 09 20
2016 04 18 18 23
2016 04 19 03 23
2016 04 19 04 13
2016 04 19 19 34
2016 04 20 18 27
2016 04 20 21 14
2016 04 22 00 32
2016 04 22 12 58
2016 04 22 16 16
2016 04 22 18 03
2016 04 23 04 55
2016 04 23 11 05
2016 04 23 13 10
2016 04 24 11 15
2016 04 24 20 53
2016 04 24 22 17
2016 04 25 00 27
2016 04 25 01 37
2016 04 25 05 43
2016 04 25 13 33
2016 04 25 18 10
2016 04 25 20 59
2016 04 26 02 10
2016 04 27 22 32
2016 04 28 07 34
2016 04 28 13 30
2016 04 28 20 41
2016 05 01 11 12
2016 05 02 11 02
2016 05 02 12 54
2016 05 03 05 56
2016 05 03 12 56
2016 05 03 15 19
2016 05 04 16 19
2016 05 04 17 25
2016 05 04 22 24
2016 05 05 00 01
2016 05 05 01 04
2016 05 05 03 57
2016 05 05 04 05
2016 05 05 10 13
2016 05 05 23 41
2016 05 06 16 48
2016 05 06 20 22
2016 05 07 12 41
2016 05 07 14 39
2016 05 07 22 22
2016 05 08 09 04
2016 05 08 10 44
2016 05 08 17 36
2016 05 08 17 47
2016 05 08 18 59
2016 05 09 09 08
2016 05 09 10 50
2016 05 10 01 54
2016 05 10 22 20
2016 05 11 15 02
2016 05 12 13 07
2016 05 13 03 01
2016 05 13 18 26
2016 05 15 16 29
2016 05 15 19 12
2016 05 15 20 15
2016 05 16 09 08
2016 05 16 10 06
2016 05 16 17 08
2016 05 19 08 05
2016 05 19 12 24
2016 05 19 13 45
2016 05 20 01 08
2016 05 20 05 25
2016 05 20 19 22
2016 05 20 19 41
2016 05 21 10 35
2016 05 21 15 08
2016 05 22 05 20
2016 05 22 06 32
2016 05 22 07 09
2016 05 23 03 55
2016 05 23 14 44
2016 05 24 11 42
2016 05 24 19 37
2016 05 24 22 11
2016 05 25 02 38
2016 05 25 03 12
2016 05 25 06 35
2016 05 25 21 12
2016 05 26 09 14
2016 05 26 15 39
2016 05 27 02 31
2016 05 27 05 48
2016 05 27 10 29
2016 05 27 13 13
2016 05 27 19 43
2016 05 27 20 34
2016 05 27 23 09
2016 05 28 12 31
2016 05 28 17 50
2016 05 28 23 54
2016 06 02 03 40
2016 06 02 04 21
2016 06 02 06 32
2016 06 02 14 55
2016 06 02 18 34
2016 06 03 17 01
2016 06 03 18 47
2016 06 03 22 48
2016 06 03 23 36
2016 06 04 04 33
2016 06 04 08 56
2016 06 04 15 38
2016 06 04 15 45
2016 06 05 01 24
2016 06 06 23 19
2016 06 07 04 39
2016 06 08 04 35
2016 06 08 11 40
2016 06 08 14 17
2016 06 08 23 32
2016 06 09 01 42
2016 06 09 21 23
2016 06 09 23 01
2016 06 09 23 44
2016 06 10 01 23
2016 06 10 02 25
2016 06 10 08 36
2016 06 10 08 58
2016 06 10 15 07
2016 06 10 17 52
2016 06 11 10 12
2016 06 11 12 51
2016 06 11 20 50
2016 06 11 21 06
2016 06 12 19 53
2016 06 12 21 17
2016 06 13 14 04
2016 06 14 12 47
2016 06 14 20 56
2016 06 14 23 26
2016 06 16 12 38
2016 06 17 00 48
2016 06 17 05 23
2016 06 17 16 26
2016 06 18 08 04
2016 06 18 11 09
2016 06 18 12 54
2016 06 19 03 13
2016 06 19 08 38
2016 06 19 16 40
2016 06 21 15 34
2016 06 22 14 43
2016 06 23 04 33
2016 06 24 10 27
2016 06 24 22 31
2016 06 25 03 34
2016 06 26 09 09
2016 06 26 09 13
2016 06 26 19 18
2016 06 27 20 04
2016 06 28 00 01
2016 06 28 09 49
2016 06 28 12 23
2016 06 28 14 18
2016 06 28 14 55
2016 06 28 22 18
2016 07 01 08 55
2016 07 02 03 12
2016 07 03 01 29
2016 07 03 06 29
2016 07 04 05 17
2016 07 04 08 52
2016 07 04 20 15
2016 07 05 20 28
2016 07 05 21 01
2016 07 06 07 06
2016 07 06 12 16
2016 07 06 20 33
2016 07 06 22 40
2016 07 07 15 00
2016 07 08 05 34
2016 07 08 20 02
2016 07 09 16 03
2016 07 09 16 39
2016 07 11 14 34
2016 07 12 11 45
2016 07 12 15 52
2016 07 12 20 54
2016 07 13 10 57
2016 07 14 22 49
2016 07 15 06 28
2016 07 15 14 13
2016 07 15 22 42
2016 07 16 06 25
2016 07 16 20 36
2016 07 17 16 43
2016 07 17 18 11
2016 07 18 05 05
2016 07 18 09 38
2016 07 18 10 30
2016 07 18 18 26
2016 07 19 20 19
2016 07 20 13 20
2016 07 21 03 58
2016 07 21 04 35
2016 07 21 12 34
2016 07 22 18 13
2016 07 23 21 27
2016 07 24 01 31
2016 07 24 02 02
2016 07 24 19 26
2016 07 24 20 54
2016 07 25 05 16
2016 07 25 07 17
2016 07 26 06 27
2016 07 26 12 36
2016 07 26 23 55
2016 07 27 04 06
2016 07 27 04 47
2016 07 27 16 33
2016 07 28 00 20
2016 07 28 20 09
2016 07 28 21 07
2016 08 01 04 27
2016 08 01 06 11
2016 08 01 23 23
2016 08 02 06 55
2016 08 03 22 45
2016 08 03 23 21
2016 08 04 05 40
2016 08 04 14 07
2016 08 04 15 40
2016 08 05 07 13
2016 08 05 07 15
2016 08 05 18 48
2016 08 05 20 20
2016 08 06 01 47
2016 08 06 07 16
2016 08 06 12 19
2016 08 06 22 51
2016 08 07 09 06
2016 08 07 13 40
2016 08 07 19 02
2016 08 07 19 08
2016 08 07 22 41
2016 08 08 12 29
2016 08 08 13 10
2016 08 08 20 21
2016 08 09 04 31
2016 08 09 13 12
2016 08 09 16 45
2016 08 09 20 11
2016 08 09 22 08
2016 08 09 23 42
2016 08 10 19 37
2016 08 11 07 36
2016 08 11 13 58
2016 08 11 20 29
2016 08 12 08 13
2016 08 12 12 51
2016 08 12 15 49
2016 08 13 01 38
2016 08 13 06 11
2016 08 14 08 22
2016 08 14 18 15
2016 08 14 20 48
2016 08 15 01 29
2016 08 15 05 20
2016 08 15 08 56
2016 08 15 14 36
2016 08 15 14 37
2016 08 15 14 48
2016 08 16 17 46
2016 08 17 08 06
2016 08 17 15 12
2016 08 17 19 30
2016 08 18 02 17
2016 08 18 03 39
2016 08 18 06 43
2016 08 18 09 33
2016 08 18 16 12
2016 08 18 17 23
2016 08 19 19 47
2016 08 21 04 55
2016 08 21 17 27
2016 08 21 23 28
2016 08 22 08 31
2016 08 22 14 23
2016 08 23 06 50
2016 08 24 12 54
2016 08 24 15 06
2016 08 24 18 12
2016 08 24 19 04
2016 08 25 07 29
2016 08 25 12 31
2016 08 25 15 48
2016 08 26 11 26
2016 08 27 12 51
2016 08 28 10 12
2016 08 28 16 16
2016 09 02 03 34
2016 09 02 14 23
2016 09 03 01 14
2016 09 03 10 34
2016 09 03 23 16
2016 09 04 23 17
2016 09 05 14 15
2016 09 05 22 37
2016 09 06 03 49
2016 09 06 07 55
2016 09 06 17 56
2016 09 06 23 01
2016 09 06 23 49
2016 09 07 18 39
2016 09 07 18 55
2016 09 07 23 28
2016 09 09 10 48
2016 09 09 12 18
2016 09 09 14 22
2016 09 10 13 00
2016 09 10 18 09
2016 09 10 18 58
2016 09 11 08 42
2016 09 12 07 53
2016 09 13 02 24
2016 09 13 05 06
2016 09 13 23 46
2016 09 14 00 23
2016 09 14 08 58
2016 09 14 09 35
2016 09 15 01 58
2016 09 15 07 53
2016 09 16 12 19
2016 09 17 01 04
2016 09 17 02 53
2016 09 17 23 44
2016 09 18 05 24
2016 09 19 13 09
2016 09 19 18 15
2016 09 20 09 03
2016 09 20 17 21
2016 09 20 18 56
2016 09 21 08 05
2016 09 22 04 23
2016 09 22 07 40
2016 09 23 03 05
2016 09 23 19 46
2016 09 24 09 01
2016 09 24 11 34
2016 09 26 01 29
2016 09 26 22 26
2016 09 27 16 32
2016 09 28 04 14
2016 09 28 10 40
2016 10 01 02 57
2016 10 02 10 51
2016 10 02 14 21
2016 10 02 18 33
2016 10 03 19 31
2016 10 03 21 23
2016 10 04 02 55
2016 10 04 03 28
2016 10 04 03 38
2016 10 04 08 52
2016 10 05 06 44
2016 10 05 10 59
2016 10 05 22 09
2016 10 06 05 26
2016 10 06 06 11
2016 10 06 07 02
2016 10 06 20 20
2016 10 06 21 02
2016 10 07 22 10
2016 10 08 00 23
2016 10 09 00 15
2016 10 09 01 59
2016 10 09 07 21
2016 10 09 11 39
2016 10 10 07 05
2016 10 10 08 15
2016 10 11 12 56
2016 10 11 15 01
2016 10 12 19 09
2016 10 13 00 16
2016 10 13 15 13
2016 10 14 15 57
2016 10 15 04 42
2016 10 15 10 43
2016 10 15 12 56
2016 10 15 21 59
2016 10 17 12 09
2016 10 17 13 53
2016 10 17 18 41
2016 10 18 21 01
2016 10 18 22 29
2016 10 20 03 10
2016 10 20 08 19
2016 10 20 18 20
2016 10 20 23 13
2016 10 21 20 37
2016 10 22 08 14
2016 10 23 06 18
2016 10 23 14 02
2016 10 23 23 35
2016 10 24 12 36
2016 10 24 17 28
2016 10 25 23 45
2016 10 26 08 05
2016 10 26 10 26
2016 10 27 03 10
2016 10 27 18 09
2016 10 28 07 53
2016 10 28 10 16
2016 10 28 17 06
2016 11 01 12 14
2016 11 01 12 40
2016 11 01 13 22
2016 11 01 18 01
2016 11 01 22 45
2016 11 02 03 22
2016 11 02 15 37
2016 11 02 18 28
2016 11 03 12 32
2016 11 03 20 14
2016 11 04 08 09
2016 11 06 01 48
2016 11 06 05 31
2016 11 06 06 58
2016 11 06 15 30
2016 11 06 17 56
2016 11 07 00 25
2016 11 07 10 57
2016 11 08 01 27
2016 11 08 17 22
2016 11 09 02 27
2016 11 09 06 37
2016 11 10 06 58
2016 11 11 07 21
2016 11 11 11 51
2016 11 11 15 56
2016 11 11 19 30
2016 11 12 10 07
2016 11 12 13 04
2016 11 12 15 24
2016 11 12 17 37
2016 11 13 13 32
2016 11 13 18 07
2016 11 15 02 08
2016 11 16 02 57
2016 11 17 01 33
2016 11 17 20 10
2016 11 18 04 17
2016 11 19 06 03
2016 11 19 18 56
2016 11 19 23 43
2016 11 20 01 04
2016 11 20 07 54
2016 11 21 02 25
2016 11 21 03 02
2016 11 21 04 51
2016 11 21 19 15
2016 11 22 16 47
2016 11 22 19 29
2016 11 22 20 41
2016 11 23 02 26
2016 11 23 03 29
2016 11 23 20 10
2016 11 23 22 41
2016 11 24 01 14
2016 11 24 15 19
2016 11 24 17 45
2016 11 24 23 26
2016 11 25 06 56
2016 11 25 12 18
2016 11 25 21 01
2016 11 26 07 54
2016 11 26 15 11
2016 11 27 03 51
2016 11 27 19 02
2016 11 28 10 01
2016 11 28 19 22
2016 12 01 01 16
2016 12 01 22 12
2016 12 02 02 37
2016 12 02 10 09
2016 12 02 11 38
2016 12 02 18 13
2016 12 03 18 08
2016 12 03 23 45
2016 12 04 06 47
2016 12 04 07 24
2016 12 05 00 01
2016 12 05 01 26
2016 12 05 17 53
2016 12 05 19 31
2016 12 07 00 48
2016 12 07 02 22
2016 12 07 07 26
2016 12 08 00 07
2016 12 08 00 32
2016 12 08 09 26
2016 12 08 15 36
2016 12 09 11 09
2016 12 09 15 50
2016 12 09 21 17
2016 12 10 02 13
2016 12 10 03 52
2016 12 10 15 44
2016 12 10 19 53
2016 12 11 09 12
2016 12 11 21 09
2016 12 12 01 24
2016 12 12 14 46
2016 12 12 16 33
2016 12 13 00 31
2016 12 13 00 34
2016 12 13 21 00
2016 12 15 08 05
2016 12 15 08 46
2016 12 15 11 06
2016 12 15 11 38
2016 12 16 00 07
2016 12 16 01 16
2016 12 16 05 02
2016 12 16 09 10
2016 12 16 23 58
2016 12 17 02 48
2016 12 17 23 26
2016 12 18 03 53
2016 12 18 23 19
2016 12 19 08 45
2016 12 19 11 00
2016 12 19 19 00
2016 12 20 11 09
2016 12 20 11 13
2016 12 21 10 07
2016 12 21 13 13
2016 12 22 09 45
2016 12 22 23 02
2016 12 24 06 44
2016 12 24 18 20
2016 12 26 01 04
2016 12 26 01 23
2016 12 26 02 23
2016 12 26 05 02
2016 12 26 15 54
2016 12 26 20 37
2016 12 27 01 06
2016 12 27 12 34
2016 12 28 00 50
2016 12 28 19 33
