2016 01 01 00 24
2016 01 01 06 30
2016 01 01 07 34
2016 01 01 10 26
2016 01 01 13 12
2016 01 02 03 04
2016 01 02 15 17
2016 01 02 19 41
2016 01 02 21 34
2016 01 02 22 21
2016 01 03 12 00
2016 01 03 19 00
2016 01 05 22 19
2016 01 06 02 33
2016 01 06 08 05
2016 01 06 15 21
2016 01 07 12 35
2016 01 07 17 19
2016 01 08 02 22
2016 01 08 05 07
2016 01 09 12 09
2016 01 10 05 13
2016 01 10 21 29
2016 01 11 10 47
2016 01 11 20 21
2016 01 12 01 21
2016 01 12 11 41
2016 01 12 21 29
2016 01 12 22 23
2016 01 13 08 08
2016 01 13 16 20
2016 01 13 19 24
2016 01 14 00 07
2016 01 15 05 56
2016 01 15 08 03
2016 01 15 09 49
2016 01 16 02 11
2016 01 16 13 50
2016 01 16 20 20
2016 01 17 05 51
2016 01 17 06 00
2016 01 17 09 58
2016 01 17 12 12
2016 01 18 18 15
2016 01 19 02 57
2016 01 19 08 30
2016 01 19 11 37
2016 01 19 17 14
2016 01 20 11 12
2016 01 21 07 18
2016 01 21 22 21
2016 01 22 00 28
2016 01 22 03 30
2016 01 22 08 47
2016 01 22 10 21
2016 01 23 10 54
2016 01 23 13 29
2016 01 23 21 48
2016 01 25 16 53
2016 01 26 20 13
2016 01 26 20 16
2016 01 27 00 07
2016 01 27 01 14
2016 01 27 14 32
2016 01 28 03 34
2016 01 28 06 10
2016 01 28 07 49
2016 01 28 08 53
2016 01 28 11 14
2016 01 28 11 30
2016 01 28 11 42
2016 02 01 12 21
2016 02 02 09 15
2016 02 02 21 52
2016 02 03 10 13
2016 02 03 20 34
2016 02 04 08 10
2016 02 04 13 00
2016 02 05 03 11
2016 02 05 08 02
2016 02 05 08 25
2016 02 05 11 49
2016 02 05 15 23
2016 02 06 00 54
2016 02 06 01 56
2016 02 06 03 11
2016 02 06 04 33
2016 02 06 05 40
2016 02 06 10 44
2016 02 06 13 57
2016 02 06 14 41
2016 02 07 07 09
2016 02 08 13 13
2016 02 08 13 39
2016 02 10 05 36
2016 02 11 13 26
2016 02 11 14 24
2016 02 11 19 32
2016 02 12 05 28
2016 02 12 08 21
2016 02 12 11 35
2016 02 12 13 21
2016 02 12 18 11
2016 02 13 01 35
2016 02 13 05 18
2016 02 13 23 52
2016 02 14 03 51
2016 02 14 11 21
2016 02 14 15 04
2016 02 15 00 15
2016 02 15 12 14
2016 02 15 13 58
2016 02 15 14 31
2016 02 17 21 02
2016 02 17 22 04
2016 02 18 01 34
2016 02 18 10 20
2016 02 19 11 13
2016 02 19 20 32
2016 02 20 14 00
2016 02 20 20 44
2016 02 22 07 28
2016 02 22 09 24
2016 02 22 14 08
2016 02 23 02 45
2016 02 23 02 56
2016 02 23 15 07
2016 02 23 18 25
2016 02 24 07 35
2016 02 24 17 00
2016 02 24 23 07
2016 02 25 01 02
2016 02 25 12 24
2016 02 25 13 31
2016 02 25 22 12
2016 02 26 02 34
2016 02 26 20 04
2016 02 26 22 39
2016 02 27 00 49
2016 02 27 01 57
2016 02 27 03 14
2016 02 27 12 05
2016 02 27 13 40
2016 02 28 10 22
2016 02 28 16 57
2016 02 28 23 44
2016 03 01 06 00
2016 03 01 19 46
2016 03 02 11 30
2016 03 02 19 48
2016 03 03 04 11
2016 03 03 13 01
2016 03 03 14 39
2016 03 03 21 00
2016 03 04 06 47
2016 03 04 22 01
2016 03 05 04 27
2016 03 06 01 59
2016 03 06 09 40
2016 03 06 13 55
2016 03 06 20 45
2016 03 07 03 21
2016 03 07 06 21
2016 03 07 16 34
2016 03 08 00 02
2016 03 08 19 59
2016 03 08 20 16
2016 03 09 04 01
2016 03 09 23 02
2016 03 10 03 12
2016 03 10 04 33
2016 03 10 09 41
2016 03 11 04 43
2016 03 11 06 11
2016 03 11 11 54
2016 03 11 21 18
2016 03 11 22 06
2016 03 12 05 49
2016 03 13 14 12
2016 03 13 16 43
2016 03 13 17 43
2016 03 15 00 48
2016 03 15 02 53
2016 03 15 08 47
2016 03 15 14 13
2016 03 16 00 23
2016 03 16 04 32
2016 03 16 21 57
2016 03 16 21 58
2016 03 17 17 32
2016 03 17 18 18
2016 03 18 02 57
2016 03 18 17 25
2016 03 19 09 01
2016 03 19 19 35
2016 03 19 21 47
2016 03 20 04 40
2016 03 20 07 59
2016 03 21 08 49
2016 03 22 12 39
2016 03 22 16 09
2016 03 22 18 44
2016 03 22 21 26
2016 03 22 22 57
2016 03 23 03 10
2016 03 24 02 13
2016 03 24 11 42
2016 03 25 02 32
2016 03 25 05 35
2016 03 25 11 26
2016 03 25 20 36
2016 03 26 03 52
2016 03 26 04 16
2016 03 26 06 24
2016 03 26 23 57
2016 03 27 02 10
2016 03 27 06 50
2016 03 27 11 42
2016 03 27 15 07
2016 03 27 20 59
2016 03 28 00 21
2016 03 28 02 42
2016 03 28 06 19
2016 03 28 07 03
2016 04 01 05 58
2016 04 02 12 01
2016 04 02 18 40
2016 04 03 00 30
2016 04 03 06 41
2016 04 03 13 00
2016 04 03 21 11
2016 04 04 01 57
2016 04 04 17 23
2016 04 05 03 37
2016 04 05 08 47
2016 04 05 10 31
2016 04 05 12 58
2016 04 05 16 11
2016 04 05 17 09
2016 04 06 12 10
2016 04 07 14 23
2016 04 08 00 10
2016 04 08 20 00
2016 04 09 05 45
2016 04 11 02 13
2016 04 11 08 14
2016 04 12 15 28
2016 04 12 15 33
2016 04 12 23 30
2016 04 13 16 48
2016 04 14 03 58
2016 04 15 03 55
2016 04 15 10 46
2016 04 15 18 10
2016 04 16 08 35
2016 04 16 15 03
2016 04 17 11 48
2016 04 17 14 39
2016 04 17 15 41
2016 04 17 17 40
2016 04 18 06 13
2016 04 19 22 57
2016 04 19 23 34
2016 04 20 13 06
2016 04 21 02 10
2016 04 21 06 46
2016 04 22 00 31
2016 04 22 05 10
2016 04 22 06 38
2016 04 23 02 09
2016 04 23 12 14
2016 04 23 14 28
2016 04 23 16 36
2016 04 23 23 05
2016 04 24 06 28
2016 04 24 12 29
2016 04 24 17 31
2016 04 24 20 04
2016 04 25 07 59
2016 04 26 06 01
2016 04 27 10 30
2016 04 28 02 18
2016 04 28 18 21
2016 05 01 01 24
2016 05 01 01 41
2016 05 01 13 14
2016 05 01 13 30
2016 05 01 16 11
2016 05 01 16 49
2016 05 01 17 46
2016 05 01 20 19
2016 05 02 18 57
2016 05 03 03 25
2016 05 03 14 12
2016 05 04 02 45
2016 05 04 03 24
2016 05 04 04 49
2016 05 04 10 28
2016 05 04 13 36
2016 05 05 05 25
2016 05 05 12 48
2016 05 05 15 27
2016 05 05 19 48
2016 05 05 23 24
2016 05 06 06 34
2016 05 06 23 22
2016 05 07 08 38
2016 05 07 10 16
2016 05 07 10 54
2016 05 07 12 10
2016 05 07 17 35
2016 05 08 09 26
2016 05 09 04 19
2016 05 09 11 13
2016 05 09 12 35
2016 05 09 18 01
2016 05 10 05 12
2016 05 10 06 06
2016 05 10 07 23
2016 05 10 08 03
2016 05 10 11 17
2016 05 10 13 57
2016 05 11 11 46
2016 05 11 15 24
2016 05 12 08 39
2016 05 12 09 53
2016 05 12 10 03
2016 05 12 16 06
2016 05 12 19 36
2016 05 13 02 15
2016 05 13 08 41
2016 05 13 13 38
2016 05 14 09 42
2016 05 14 22 56
2016 05 15 11 07
2016 05 15 20 09
2016 05 16 03 44
2016 05 16 14 25
2016 05 16 18 02
2016 05 17 14 53
2016 05 17 18 16
2016 05 17 23 57
2016 05 18 02 27
2016 05 19 00 23
2016 05 19 11 34
2016 05 19 13 25
2016 05 19 19 23
2016 05 20 00 19
2016 05 20 00 31
2016 05 20 09 38
2016 05 20 21 44
2016 05 21 12 49
2016 05 21 18 55
2016 05 21 19 19
2016 05 21 22 23
2016 05 22 07 39
2016 05 22 14 49
2016 05 22 15 04
2016 05 23 20 32
2016 05 25 09 39
2016 05 26 01 45
2016 05 26 06 54
2016 05 27 03 19
2016 05 27 05 11
2016 05 27 08 43
2016 05 27 16 20
2016 05 27 16 30
2016 05 27 20 47
2016 05 28 03 06
2016 05 28 04 24
2016 05 28 08 18
2016 05 28 20 08
2016 06 01 15 50
2016 06 01 18 05
2016 06 02 03 42
2016 06 02 14 35
2016 06 03 10 05
2016 06 03 17 29
2016 06 03 23 49
2016 06 04 07 41
2016 06 04 09 25
2016 06 05 08 04
2016 06 05 08 31
2016 06 05 12 30
2016 06 05 17 40
2016 06 06 11 09
2016 06 06 12 20
2016 06 06 12 48
2016 06 06 20 33
2016 06 06 22 12
2016 06 06 22 19
2016 06 06 23 19
2016 06 07 05 44
2016 06 07 06 32
2016 06 07 11 32
2016 06 08 04 48
2016 06 08 06 58
2016 06 08 17 35
2016 06 08 21 17
2016 06 09 05 54
2016 06 09 12 30
2016 06 09 13 31
2016 06 09 21 47
2016 06 10 00 37
2016 06 10 10 58
2016 06 10 19 42
2016 06 10 21 31
2016 06 11 03 04
2016 06 11 12 51
2016 06 11 15 50
2016 06 12 04 13
2016 06 12 04 26
2016 06 12 08 19
2016 06 12 22 32
2016 06 13 13 33
2016 06 13 17 23
2016 06 14 10 30
2016 06 15 09 44
2016 06 15 19 38
2016 06 15 22 38
2016 06 16 05 29
2016 06 16 13 28
2016 06 16 14 07
2016 06 18 19 40
2016 06 21 02 21
2016 06 21 18 37
2016 06 22 06 29
2016 06 22 07 55
2016 06 22 09 54
2016 06 22 22 51
2016 06 23 04 12
2016 06 23 05 33
2016 06 23 07 52
2016 06 23 11 16
2016 06 24 07 14
2016 06 24 07 59
2016 06 24 11 28
2016 06 24 22 18
2016 06 25 01 21
2016 06 25 14 20
2016 06 25 19 23
2016 06 25 23 03
2016 06 25 23 52
2016 06 26 06 28
2016 06 26 08 23
2016 06 26 09 07
2016 06 26 17 35
2016 06 27 02 08
2016 06 27 17 33
2016 06 27 20 02
2016 06 28 08 06
2016 06 28 09 40
2016 06 28 10 02
2016 06 28 14 31
2016 06 28 21 19
2016 07 01 08 17
2016 07 01 11 25
2016 07 01 15 10
2016 07 01 17 04
2016 07 02 12 01
2016 07 02 22 43
2016 07 04 02 14
2016 07 04 04 39
2016 07 04 05 02
2016 07 04 05 44
2016 07 04 10 04
2016 07 04 14 47
2016 07 05 08 33
2016 07 05 10 41
2016 07 05 18 20
2016 07 05 21 16
2016 07 06 07 15
2016 07 07 16 20
2016 07 08 01 55
2016 07 08 02 45
2016 07 08 16 43
2016 07 09 11 15
2016 07 09 16 59
2016 07 09 20 10
2016 07 09 20 13
2016 07 09 22 58
2016 07 10 05 24
2016 07 10 07 45
2016 07 10 17 56
2016 07 10 20 39
2016 07 11 00 24
2016 07 11 19 02
2016 07 12 00 38
2016 07 12 15 33
2016 07 13 00 31
2016 07 13 12 50
2016 07 14 01 48
2016 07 14 04 31
2016 07 14 12 42
2016 07 14 13 49
2016 07 14 18 37
2016 07 15 09 10
2016 07 15 09 12
2016 07 15 22 27
2016 07 16 02 00
2016 07 16 02 23
2016 07 16 06 01
2016 07 16 16 24
2016 07 17 01 18
2016 07 17 19 52
2016 07 18 01 17
2016 07 18 01 26
2016 07 18 03 00
2016 07 18 05 15
2016 07 18 13 26
2016 07 18 17 14
2016 07 18 17 16
2016 07 19 02 09
2016 07 20 09 11
2016 07 20 21 10
2016 07 21 08 01
2016 07 22 07 02
2016 07 22 07 54
2016 07 22 23 17
2016 07 23 17 45
2016 07 23 19 09
2016 07 23 20 48
2016 07 24 03 51
2016 07 24 07 08
2016 07 24 08 52
2016 07 24 12 16
2016 07 24 16 54
2016 07 24 23 56
2016 07 25 08 51
2016 07 25 23 43
2016 07 26 01 45
2016 07 26 15 35
2016 07 26 22 07
2016 07 27 14 18
2016 08 01 08 43
2016 08 01 21 01
2016 08 02 04 16
2016 08 02 15 36
2016 08 03 03 50
2016 08 03 19 51
2016 08 04 14 42
2016 08 06 07 14
2016 08 06 18 27
2016 08 07 09 40
2016 08 07 19 00
2016 08 07 20 10
2016 08 09 02 47
2016 08 09 03 25
2016 08 09 05 45
2016 08 09 10 10
2016 08 10 17 40
2016 08 10 17 44
2016 08 10 20 16
2016 08 10 21 30
2016 08 10 22 07
2016 08 12 21 06
2016 08 13 02 10
2016 08 13 14 54
2016 08 13 16 49
2016 08 14 01 23
2016 08 14 12 20
2016 08 15 23 13
2016 08 16 01 34
2016 08 16 07 57
2016 08 17 09 08
2016 08 17 09 27
2016 08 19 13 15
2016 08 19 19 04
2016 08 19 22 59
2016 08 19 23 36
2016 08 20 16 31
2016 08 21 03 41
2016 08 21 10 28
2016 08 21 11 04
2016 08 21 19 59
2016 08 21 21 21
2016 08 22 09 20
2016 08 22 15 22
2016 08 23 13 47
2016 08 24 01 21
2016 08 24 09 23
2016 08 24 23 01
2016 08 25 03 36
2016 08 25 10 53
2016 08 25 13 02
2016 08 25 21 21
2016 08 26 18 50
2016 08 27 13 30
2016 08 27 20 49
2016 08 28 20 37
2016 09 01 03 45
2016 09 01 03 49
2016 09 01 05 28
2016 09 01 06 15
2016 09 01 19 33
2016 09 02 12 59
2016 09 02 23 25
2016 09 03 01 28
2016 09 04 06 18
2016 09 04 18 45
2016 09 04 18 49
2016 09 05 10 17
2016 09 06 05 16
2016 09 07 03 11
2016 09 07 08 12
2016 09 07 14 50
2016 09 08 09 44
2016 09 08 10 10
2016 09 09 09 20
2016 09 09 14 25
2016 09 09 16 57
2016 09 09 21 16
2016 09 10 03 02
2016 09 10 21 06
2016 09 10 23 40
2016 09 11 08 10
2016 09 11 14 48
2016 09 11 19 09
2016 09 11 23 39
2016 09 12 00 40
2016 09 12 13 52
2016 09 12 17 06
2016 09 13 01 53
2016 09 13 12 09
2016 09 13 13 35
2016 09 13 21 50
2016 09 13 22 35
2016 09 14 02 22
2016 09 14 13 31
2016 09 14 19 10
2016 09 15 02 33
2016 09 15 17 38
2016 09 15 23 11
2016 09 16 16 17
2016 09 16 19 02
2016 09 16 19 55
2016 09 17 00 51
2016 09 17 02 16
2016 09 17 02 45
2016 09 17 07 47
2016 09 17 09 37
2016 09 17 10 38
2016 09 18 00 46
2016 09 18 02 40
2016 09 18 14 15
2016 09 18 15 09
2016 09 19 01 37
2016 09 20 23 49
2016 09 21 05 29
2016 09 21 14 59
2016 09 22 22 40
2016 09 22 23 38
2016 09 23 00 54
2016 09 23 07 14
2016 09 23 14 41
2016 09 24 09 19
2016 09 24 16 16
2016 09 24 16 41
2016 09 24 18 13
2016 09 24 20 06
2016 09 25 01 23
2016 09 25 06 57
2016 09 25 14 18
2016 09 26 16 25
2016 09 27 15 12
2016 09 27 18 22
2016 10 01 03 44
2016 10 01 20 09
2016 10 02 08 37
2016 10 02 11 23
2016 10 02 21 06
2016 10 03 05 40
2016 10 03 18 09
2016 10 03 22 47
2016 10 04 10 38
2016 10 04 20 40
2016 10 05 00 30
2016 10 05 08 08
2016 10 05 08 26
2016 10 05 12 31
2016 10 06 00 31
2016 10 06 10 59
2016 10 06 22 02
2016 10 07 01 39
2016 10 07 09 09
2016 10 07 12 24
2016 10 07 13 21
2016 10 07 15 18
2016 10 07 19 42
2016 10 08 00 13
2016 10 08 05 33
2016 10 09 10 25
2016 10 09 11 07
2016 10 10 03 36
2016 10 10 06 12
2016 10 10 20 33
2016 10 11 13 27
2016 10 12 03 52
2016 10 12 14 30
2016 10 12 14 38
2016 10 12 15 41
2016 10 13 09 23
2016 10 13 20 02
2016 10 14 07 11
2016 10 14 12 52
2016 10 14 13 57
2016 10 16 09 35
2016 10 16 10 12
2016 10 18 00 05
2016 10 18 04 06
2016 10 18 14 05
2016 10 18 14 54
2016 10 18 20 13
2016 10 19 02 06
2016 10 19 10 35
2016 10 19 20 10
2016 10 20 10 35
2016 10 20 11 00
2016 10 21 02 27
2016 10 21 06 18
2016 10 21 10 33
2016 10 21 23 58
2016 10 22 00 29
2016 10 23 00 27
2016 10 23 01 38
2016 10 23 02 41
2016 10 23 02 54
2016 10 23 07 24
2016 10 23 07 44
2016 10 23 18 37
2016 10 24 01 49
2016 10 24 08 14
2016 10 25 10 10
2016 10 25 21 32
2016 10 26 13 21
2016 10 26 21 29
2016 10 27 15 36
2016 10 27 19 13
2016 10 28 00 45
2016 10 28 15 52
2016 11 01 01 39
2016 11 01 19 16
2016 11 02 06 48
2016 11 02 18 10
2016 11 02 18 49
2016 11 02 23 16
2016 11 03 20 46
2016 11 03 21 55
2016 11 03 22 17
2016 11 04 02 33
2016 11 05 02 36
2016 11 05 10 19
2016 11 05 18 31
2016 11 06 11 07
2016 11 06 11 19
2016 11 06 13 16
2016 11 06 17 02
2016 11 07 00 20
2016 11 07 02 28
2016 11 07 02 40
2016 11 07 04 23
2016 11 07 04 51
2016 11 07 12 13
2016 11 07 15 42
2016 11 08 00 22
2016 11 08 03 58
2016 11 08 05 48
2016 11 08 19 15
2016 11 08 20 26
2016 11 09 08 32
2016 11 09 11 17
2016 11 10 06 49
2016 11 12 05 26
2016 11 12 09 52
2016 11 12 21 49
2016 11 13 01 40
2016 11 13 04 19
2016 11 13 06 29
2016 11 13 14 07
2016 11 13 19 25
2016 11 14 04 06
2016 11 14 10 12
2016 11 15 03 45
2016 11 15 13 38
2016 11 15 17 37
2016 11 15 19 46
2016 11 15 22 24
2016 11 16 01 55
2016 11 16 17 19
2016 11 17 08 26
2016 11 17 15 29
2016 11 17 15 41
2016 11 17 17 09
2016 11 18 14 17
2016 11 19 02 35
2016 11 19 17 16
2016 11 19 19 34
2016 11 20 08 39
2016 11 21 14 48
2016 11 22 02 34
2016 11 22 07 44
2016 11 22 12 15
2016 11 23 01 35
2016 11 23 05 13
2016 11 23 08 03
2016 11 23 08 09
2016 11 23 08 51
2016 11 23 12 41
2016 11 23 21 42
2016 11 24 21 06
2016 11 25 00 22
2016 11 25 04 14
2016 11 25 04 32
2016 11 25 13 26
2016 11 27 10 37
2016 11 27 20 18
2016 11 28 02 59
2016 12 01 01 52
2016 12 02 02 23
2016 12 02 09 43
2016 12 02 17 59
2016 12 03 09 27
2016 12 04 05 34
2016 12 04 06 21
2016 12 04 12 52
2016 12 04 21 11
2016 12 05 02 14
2016 12 06 08 45
2016 12 07 03 04
2016 12 07 05 49
2016 12 07 21 13
2016 12 08 01 16
2016 12 08 05 08
2016 12 08 16 57
2016 12 09 11 16
2016 12 09 14 11
2016 12 09 15 49
2016 12 09 19 48
2016 12 09 23 33
2016 12 10 07 14
2016 12 10 13 28
2016 12 10 18 57
2016 12 11 04 29
2016 12 11 06 00
2016 12 11 07 26
2016 12 11 13 18
2016 12 11 14 26
2016 12 11 19 03
2016 12 12 03 58
2016 12 12 05 20
2016 12 12 05 41
2016 12 12 18 04
2016 12 13 02 04
2016 12 13 09 27
2016 12 13 10 52
2016 12 14 02 25
2016 12 14 11 28
2016 12 14 12 22
2016 12 14 13 05
2016 12 14 18 19
2016 12 14 21 56
2016 12 15 05 31
2016 12 16 12 20
2016 12 16 17 53
2016 12 16 21 23
2016 12 17 04 44
2016 12 17 15 44
2016 12 17 22 32
2016 12 18 00 20
2016 12 18 07 47
2016 12 18 22 11
2016 12 19 06 30
2016 12 19 13 27
2016 12 19 22 53
2016 12 20 04 26
2016 12 20 07 36
2016 12 20 11 13
2016 12 20 21 23
2016 12 21 03 43
2016 12 21 08 14
2016 12 21 10 50
2016 12 21 11 04
2016 12 21 12 08
2016 12 23 01 35
2016 12 24 08 11
2016 12 24 08 19
2016 12 24 12 54
2016 12 24 18 03
2016 12 25 01 52
2016 12 26 01 06
2016 12 26 01 38
2016 12 26 02 56
2016 12 26 08 49
2016 12 26 18 07
2016 12 26 22 12
2016 12 27 13 28
2016 12 27 16 13
2016 12 28 05 44
2016 12 28 12 51
2016 12 28 13 03
