2016 01 02 07 23
2016 01 02 07 44
2016 01 02 08 29
2016 01 03 16 38
2016 01 04 04 28
2016 01 04 16 16
2016 01 04 20 12
2016 01 05 16 55
2016 01 06 02 30
2016 01 06 05 16
2016 01 07 21 16
2016 01 08 05 26
2016 01 08 18 13
2016 01 08 19 49
2016 01 09 15 18
2016 01 10 08 18
2016 01 10 22 10
2016 01 11 18 09
2016 01 12 16 27
2016 01 12 18 00
2016 01 13 04 22
2016 01 13 19 03
2016 01 13 21 16
2016 01 14 01 28
2016 01 14 05 24
2016 01 15 04 32
2016 01 15 09 45
2016 01 15 15 09
2016 01 16 20 38
2016 01 16 20 51
2016 01 17 07 55
2016 01 17 13 06
2016 01 17 18 26
2016 01 18 08 14
2016 01 18 19 55
2016 01 19 06 10
2016 01 19 10 16
2016 01 19 19 58
2016 01 20 04 53
2016 01 20 05 18
2016 01 20 17 41
2016 01 21 15 32
2016 01 21 18 31
2016 01 23 17 05
2016 01 24 00 15
2016 01 24 02 58
2016 01 24 23 20
2016 01 25 05 48
2016 01 25 19 48
2016 01 26 23 13
2016 01 27 03 16
2016 01 27 09 56
2016 01 28 01 23
2016 01 28 14 37
2016 01 28 19 13
2016 02 02 00 00
2016 02 02 18 23
2016 02 03 14 23
2016 02 05 22 44
2016 02 06 21 43
2016 02 07 01 30
2016 02 10 15 17
2016 02 10 20 32
2016 02 11 16 25
2016 02 11 19 17
2016 02 12 11 49
2016 02 12 11 52
2016 02 12 21 25
2016 02 13 17 39
2016 02 13 18 53
2016 02 14 02 20
2016 02 14 14 09
2016 02 14 16 29
2016 02 14 18 08
2016 02 15 21 57
2016 02 16 03 46
2016 02 16 14 38
2016 02 17 07 58
2016 02 17 17 10
2016 02 18 03 19
2016 02 18 12 37
2016 02 18 20 43
2016 02 19 02 48
2016 02 19 14 00
2016 02 19 16 55
2016 02 20 00 04
2016 02 20 07 08
2016 02 20 21 43
2016 02 21 10 52
2016 02 21 15 22
2016 02 21 16 24
2016 02 21 16 58
2016 02 22 00 26
2016 02 22 02 38
2016 02 22 13 17
2016 02 22 20 56
2016 02 23 21 25
2016 02 24 15 50
2016 02 25 16 08
2016 02 26 01 50
2016 02 27 03 16
2016 02 27 20 07
2016 02 28 01 08
2016 02 28 02 01
2016 02 28 16 22
2016 02 28 22 10
2016 03 01 02 20
2016 03 02 18 57
2016 03 02 23 06
2016 03 03 03 33
2016 03 03 20 51
2016 03 06 06 20
2016 03 06 17 44
2016 03 06 21 31
2016 03 08 13 04
2016 03 08 14 52
2016 03 08 18 59
2016 03 08 20 01
2016 03 08 23 12
2016 03 12 05 32
2016 03 12 11 31
2016 03 13 17 04
2016 03 13 17 08
2016 03 13 20 20
2016 03 14 09 02
2016 03 15 03 11
2016 03 15 04 06
2016 03 16 10 07
2016 03 17 11 26
2016 03 18 05 24
2016 03 19 00 45
2016 03 19 13 58
2016 03 21 03 07
2016 03 21 23 23
2016 03 22 01 59
2016 03 22 08 41
2016 03 23 04 13
2016 03 23 15 47
2016 03 23 20 29
2016 03 23 21 30
2016 03 23 23 11
2016 03 24 04 42
2016 03 25 08 23
2016 03 25 11 02
2016 03 25 21 55
2016 03 26 00 39
2016 03 26 11 26
2016 03 26 17 54
2016 03 27 06 41
2016 03 27 12 50
2016 03 27 14 21
2016 03 27 15 40
2016 03 27 23 40
2016 04 01 16 34
2016 04 01 23 00
2016 04 03 12 05
2016 04 03 20 03
2016 04 04 21 24
2016 04 04 23 17
2016 04 04 23 28
2016 04 05 12 26
2016 04 05 13 27
2016 04 05 17 01
2016 04 06 14 45
2016 04 07 04 50
2016 04 07 17 00
2016 04 08 04 57
2016 04 08 23 06
2016 04 09 00 31
2016 04 10 04 40
2016 04 10 23 07
2016 04 11 05 42
2016 04 11 15 41
2016 04 11 19 20
2016 04 11 22 39
2016 04 12 01 30
2016 04 12 16 26
2016 04 13 05 46
2016 04 13 22 19
2016 04 14 07 37
2016 04 14 18 18
2016 04 14 22 57
2016 04 15 15 33
2016 04 17 22 26
2016 04 18 00 44
2016 04 18 04 42
2016 04 20 04 22
2016 04 20 06 02
2016 04 21 17 18
2016 04 21 18 03
2016 04 22 11 33
2016 04 22 19 39
2016 04 23 16 28
2016 04 23 23 49
2016 04 24 10 56
2016 04 24 15 19
2016 04 26 01 41
2016 04 26 06 00
2016 04 26 08 08
2016 04 26 10 01
2016 04 27 01 24
2016 04 27 10 36
2016 04 27 21 33
2016 04 28 13 08
2016 05 01 05 59
2016 05 02 03 42
2016 05 02 10 04
2016 05 02 21 15
2016 05 03 07 21
2016 05 03 08 03
2016 05 05 11 37
2016 05 05 23 50
2016 05 06 14 00
2016 05 06 19 58
2016 05 07 00 18
2016 05 07 18 31
2016 05 08 08 35
2016 05 08 19 02
2016 05 09 19 47
2016 05 09 22 22
2016 05 11 08 26
2016 05 11 15 53
2016 05 11 22 57
2016 05 12 00 11
2016 05 13 04 51
2016 05 13 19 50
2016 05 15 02 01
2016 05 15 06 48
2016 05 16 15 47
2016 05 16 21 08
2016 05 17 17 17
2016 05 19 09 52
2016 05 19 18 16
2016 05 21 07 31
2016 05 22 03 24
2016 05 22 04 48
2016 05 22 15 50
2016 05 23 00 32
2016 05 23 07 40
2016 05 23 17 39
2016 05 25 07 22
2016 05 25 13 58
2016 05 26 04 00
2016 05 27 03 19
2016 05 28 18 47
2016 06 01 15 32
2016 06 01 18 13
2016 06 02 17 25
2016 06 03 07 44
2016 06 04 20 47
2016 06 05 04 36
2016 06 05 08 41
2016 06 05 19 01
2016 06 05 19 14
2016 06 07 15 45
2016 06 07 20 47
2016 06 08 04 53
2016 06 10 03 31
2016 06 10 11 57
2016 06 11 15 05
2016 06 12 05 29
2016 06 14 17 30
2016 06 15 05 02
2016 06 15 22 35
2016 06 16 08 49
2016 06 16 20 01
2016 06 17 21 55
2016 06 18 00 21
2016 06 18 22 47
2016 06 19 22 41
2016 06 20 12 05
2016 06 22 03 43
2016 06 22 04 47
2016 06 22 07 25
2016 06 22 11 43
2016 06 22 14 32
2016 06 22 15 47
2016 06 23 06 47
2016 06 23 06 50
2016 06 23 13 11
2016 06 24 02 23
2016 06 24 03 49
2016 06 25 14 43
2016 06 25 17 55
2016 06 25 20 55
2016 06 26 06 01
2016 06 26 07 43
2016 06 26 13 36
2016 06 26 20 20
2016 06 27 09 48
2016 06 27 16 05
2016 06 28 16 50
2016 07 01 13 37
2016 07 02 14 10
2016 07 03 04 11
2016 07 04 01 52
2016 07 04 17 15
2016 07 05 07 06
2016 07 05 08 27
2016 07 05 11 37
2016 07 06 06 47
2016 07 07 05 17
2016 07 07 12 50
2016 07 08 05 15
2016 07 08 23 49
2016 07 09 09 07
2016 07 09 09 43
2016 07 09 20 24
2016 07 09 21 59
2016 07 10 00 25
2016 07 10 01 19
2016 07 10 04 36
2016 07 11 19 32
2016 07 12 10 16
2016 07 12 10 43
2016 07 12 13 53
2016 07 13 01 00
2016 07 13 15 46
2016 07 13 22 51
2016 07 14 04 02
2016 07 15 07 12
2016 07 15 17 06
2016 07 16 10 47
2016 07 17 03 03
2016 07 17 05 33
2016 07 18 15 44
2016 07 18 23 56
2016 07 19 00 55
2016 07 19 05 32
2016 07 19 10 17
2016 07 20 14 13
2016 07 23 02 33
2016 07 23 11 19
2016 07 23 14 33
2016 07 24 03 32
2016 07 24 23 31
2016 07 25 05 08
2016 07 25 21 25
2016 07 26 05 30
2016 07 28 01 23
2016 07 28 06 03
2016 07 28 06 08
2016 07 28 10 30
2016 08 01 20 37
2016 08 01 21 01
2016 08 02 03 42
2016 08 02 23 58
2016 08 03 11 08
2016 08 04 00 07
2016 08 04 01 59
2016 08 04 05 11
2016 08 06 06 34
2016 08 06 23 20
2016 08 07 01 35
2016 08 07 04 22
2016 08 07 23 15
2016 08 08 00 51
2016 08 08 03 24
2016 08 08 15 43
2016 08 09 16 23
2016 08 10 02 31
2016 08 10 10 10
2016 08 11 14 21
2016 08 12 17 17
2016 08 12 19 17
2016 08 13 01 20
2016 08 14 04 07
2016 08 14 05 15
2016 08 14 20 05
2016 08 15 08 48
2016 08 15 10 53
2016 08 15 22 55
2016 08 16 07 41
2016 08 17 00 29
2016 08 17 04 44
2016 08 17 17 14
2016 08 17 20 00
2016 08 18 09 02
2016 08 18 17 17
2016 08 18 18 39
2016 08 19 15 29
2016 08 19 17 00
2016 08 20 06 58
2016 08 20 10 08
2016 08 20 10 34
2016 08 21 15 33
2016 08 22 11 03
2016 08 23 00 08
2016 08 23 10 50
2016 08 24 02 23
2016 08 24 07 00
2016 08 24 14 07
2016 08 25 15 23
2016 08 25 15 26
2016 08 25 20 44
2016 08 26 13 35
2016 08 26 14 55
2016 08 27 14 59
2016 08 28 06 13
2016 08 28 20 52
2016 08 28 22 10
2016 09 01 03 08
2016 09 01 03 41
2016 09 01 04 28
2016 09 01 15 10
2016 09 01 16 11
2016 09 01 20 30
2016 09 02 21 29
2016 09 03 08 29
2016 09 03 21 59
2016 09 03 22 25
2016 09 05 02 11
2016 09 05 22 17
2016 09 05 22 18
2016 09 06 00 28
2016 09 08 00 11
2016 09 09 21 15
2016 09 09 22 15
2016 09 09 22 42
2016 09 10 15 25
2016 09 11 23 59
2016 09 13 06 27
2016 09 13 14 26
2016 09 13 18 13
2016 09 14 07 09
2016 09 14 11 48
2016 09 16 09 27
2016 09 16 23 13
2016 09 18 07 44
2016 09 19 05 52
2016 09 19 09 40
2016 09 20 08 30
2016 09 21 09 44
2016 09 21 21 31
2016 09 22 20 57
2016 09 23 00 58
2016 09 24 01 27
2016 09 24 05 30
2016 09 24 09 39
2016 09 27 01 22
2016 09 28 03 34
2016 09 28 05 16
2016 10 02 21 31
2016 10 03 00 12
2016 10 03 06 59
2016 10 03 08 22
2016 10 03 10 00
2016 10 03 14 20
2016 10 03 19 36
2016 10 04 16 59
2016 10 04 20 06
2016 10 05 15 45
2016 10 06 03 53
2016 10 06 05 37
2016 10 06 14 11
2016 10 06 20 41
2016 10 07 02 18
2016 10 07 18 25
2016 10 09 11 10
2016 10 09 14 43
2016 10 09 20 57
2016 10 10 00 23
2016 10 10 09 42
2016 10 10 10 26
2016 10 10 19 37
2016 10 11 06 33
2016 10 11 15 13
2016 10 11 17 46
2016 10 14 01 57
2016 10 14 20 37
2016 10 15 08 04
2016 10 17 15 19
2016 10 18 04 11
2016 10 18 12 18
2016 10 18 18 59
2016 10 18 22 05
2016 10 19 11 04
2016 10 19 17 50
2016 10 20 21 56
2016 10 21 16 05
2016 10 21 19 21
2016 10 21 21 54
2016 10 22 18 54
2016 10 23 20 15
2016 10 24 00 55
2016 10 24 10 03
2016 10 24 20 36
2016 10 25 01 38
2016 10 25 05 37
2016 10 27 15 54
2016 10 28 04 05
2016 10 28 21 43
2016 11 01 13 20
2016 11 02 11 49
2016 11 03 03 02
2016 11 03 14 39
2016 11 04 20 11
2016 11 05 14 10
2016 11 05 17 50
2016 11 06 07 31
2016 11 06 08 59
2016 11 07 06 06
2016 11 07 14 35
2016 11 08 05 53
2016 11 08 08 03
2016 11 08 13 46
2016 11 08 14 07
2016 11 09 03 45
2016 11 09 03 46
2016 11 09 19 31
2016 11 10 00 12
2016 11 10 22 28
2016 11 11 04 11
2016 11 11 05 36
2016 11 11 08 23
2016 11 11 10 35
2016 11 12 10 44
2016 11 12 17 32
2016 11 13 00 41
2016 11 13 05 19
2016 11 13 12 08
2016 11 14 02 46
2016 11 14 05 32
2016 11 15 02 25
2016 11 16 18 38
2016 11 17 05 58
2016 11 17 07 26
2016 11 18 00 12
2016 11 19 01 05
2016 11 21 09 41
2016 11 21 10 05
2016 11 22 03 58
2016 11 22 12 36
2016 11 23 07 45
2016 11 23 10 32
2016 11 23 11 00
2016 11 24 04 39
2016 11 24 15 17
2016 11 24 15 39
2016 11 25 06 02
2016 11 26 02 14
2016 11 26 03 54
2016 11 26 04 05
2016 11 26 05 19
2016 11 26 22 34
2016 12 01 16 13
2016 12 01 16 24
2016 12 02 13 17
2016 12 03 03 41
2016 12 03 08 48
2016 12 03 12 59
2016 12 04 00 55
2016 12 04 07 35
2016 12 04 09 39
2016 12 04 15 07
2016 12 04 23 13
2016 12 05 00 30
2016 12 05 02 39
2016 12 05 05 44
2016 12 05 20 12
2016 12 07 04 12
2016 12 07 17 42
2016 12 08 04 01
2016 12 08 05 41
2016 12 09 07 50
2016 12 09 12 44
2016 12 10 04 12
2016 12 11 15 09
2016 12 11 20 03
2016 12 12 13 22
2016 12 12 18 51
2016 12 13 11 47
2016 12 14 12 27
2016 12 14 17 55
2016 12 15 01 06
2016 12 15 01 24
2016 12 15 04 03
2016 12 15 11 28
2016 12 15 14 59
2016 12 19 06 37
2016 12 19 09 26
2016 12 19 18 45
2016 12 21 07 05
2016 12 22 10 35
2016 12 22 15 10
2016 12 23 19 38
2016 12 23 23 18
2016 12 24 01 19
2016 12 24 06 18
2016 12 24 20 48
2016 12 24 21 25
2016 12 25 01 27
2016 12 25 16 31
2016 12 26 08 28
2016 12 27 16 40
2016 12 27 17 53
2016 12 28 05 22
2016 12 28 17 38
2016 12 28 17 50
2016 12 28 20 52
