2016 01 07 21 34
2016 01 14 15 32
2016 01 26 00 30
2016 02 08 10 27
2016 02 22 16 42
2016 03 02 10 00
2016 03 02 13 00
2016 03 15 13 48
2016 03 17 13 53
2016 03 25 08 45
2016 04 06 00 36
2016 04 06 04 18
2016 04 08 01 52
2016 04 23 10 29
2016 04 25 14 46
2016 05 10 03 19
2016 05 20 20 59
2016 05 23 05 06
2016 05 24 05 18
2016 06 01 05 34
2016 06 01 05 36
2016 06 01 11 47
2016 06 13 22 04
2016 06 17 12 20
2016 06 18 12 28
2016 06 20 06 16
2016 06 22 12 19
2016 06 25 23 26
2016 07 08 04 23
2016 07 13 13 07
2016 07 14 10 15
2016 07 14 18 30
2016 07 20 00 03
2016 07 27 02 48
2016 09 03 11 44
2016 09 14 09 57
2016 09 16 12 38
2016 09 17 17 58
2016 09 25 15 15
2016 09 28 18 09
2016 10 10 16 55
2016 10 12 08 23
2016 10 12 12 50
2016 10 15 14 19
2016 10 16 14 03
2016 10 17 23 13
2016 10 19 20 48
2016 10 25 23 02
2016 11 10 18 14
2016 11 13 14 42
2016 11 19 03 44
2016 11 28 09 15
2016 12 01 20 24
2016 12 10 01 49
2016 12 27 23 45
