2016 01 02 10 58
2016 01 02 22 43
2016 01 03 02 15
2016 01 03 07 07
2016 01 04 06 09
2016 01 04 14 57
2016 01 04 15 19
2016 01 04 22 04
2016 01 05 03 12
2016 01 05 23 27
2016 01 06 08 40
2016 01 06 13 42
2016 01 06 19 26
2016 01 07 08 26
2016 01 07 21 12
2016 01 08 04 43
2016 01 08 04 53
2016 01 08 07 37
2016 01 08 13 29
2016 01 09 11 40
2016 01 09 22 13
2016 01 10 02 49
2016 01 10 22 16
2016 01 11 04 35
2016 01 12 07 03
2016 01 12 08 03
2016 01 12 23 53
2016 01 13 13 37
2016 01 13 21 55
2016 01 14 07 20
2016 01 14 11 54
2016 01 14 14 09
2016 01 15 03 32
2016 01 15 09 35
2016 01 15 12 50
2016 01 15 20 58
2016 01 16 04 13
2016 01 16 05 02
2016 01 16 18 46
2016 01 17 11 20
2016 01 17 15 26
2016 01 17 16 16
2016 01 18 10 42
2016 01 18 18 46
2016 01 18 19 27
2016 01 19 01 47
2016 01 19 06 24
2016 01 19 07 26
2016 01 19 15 05
2016 01 20 00 18
2016 01 20 20 47
2016 01 20 22 05
2016 01 21 09 52
2016 01 22 00 34
2016 01 22 10 57
2016 01 22 13 52
2016 01 22 14 18
2016 01 23 08 25
2016 01 23 14 01
2016 01 23 14 17
2016 01 23 14 38
2016 01 23 20 29
2016 01 24 11 00
2016 01 24 17 31
2016 01 24 17 37
2016 01 25 03 23
2016 01 25 13 21
2016 01 25 17 10
2016 01 26 08 43
2016 01 26 10 11
2016 01 28 09 45
2016 01 28 22 36
2016 01 28 23 22
2016 02 01 03 06
2016 02 01 18 31
2016 02 01 18 42
2016 02 02 15 17
2016 02 02 22 02
2016 02 03 03 20
2016 02 04 00 05
2016 02 04 05 51
2016 02 04 13 05
2016 02 04 14 01
2016 02 04 21 22
2016 02 04 21 28
2016 02 05 03 41
2016 02 05 06 35
2016 02 05 07 21
2016 02 05 12 00
2016 02 05 14 26
2016 02 05 20 12
2016 02 06 03 22
2016 02 06 03 26
2016 02 06 10 20
2016 02 06 15 17
2016 02 06 17 17
2016 02 06 17 52
2016 02 07 06 02
2016 02 08 13 31
2016 02 09 05 02
2016 02 09 09 00
2016 02 09 11 58
2016 02 09 16 20
2016 02 09 16 22
2016 02 09 17 17
2016 02 10 11 45
2016 02 11 11 44
2016 02 11 17 32
2016 02 11 20 27
2016 02 12 02 05
2016 02 12 05 23
2016 02 12 09 11
2016 02 12 10 42
2016 02 13 01 13
2016 02 13 08 26
2016 02 13 09 18
2016 02 13 15 12
2016 02 13 17 03
2016 02 14 09 09
2016 02 15 06 51
2016 02 15 16 24
2016 02 16 09 00
2016 02 16 23 20
2016 02 16 23 37
2016 02 16 23 37
2016 02 17 04 42
2016 02 17 16 10
2016 02 17 23 57
2016 02 18 22 05
2016 02 19 16 35
2016 02 19 19 36
2016 02 19 23 49
2016 02 20 05 22
2016 02 20 06 58
2016 02 20 18 46
2016 02 21 02 46
2016 02 21 14 31
2016 02 21 16 22
2016 02 22 00 22
2016 02 22 03 25
2016 02 23 00 20
2016 02 23 00 59
2016 02 23 02 33
2016 02 23 05 27
2016 02 23 21 34
2016 02 24 12 25
2016 02 24 14 33
2016 02 25 01 10
2016 02 25 05 10
2016 02 25 23 41
2016 02 26 20 57
2016 02 27 03 41
2016 02 27 06 29
2016 02 27 10 15
2016 02 27 12 42
2016 02 27 16 38
2016 02 27 17 10
2016 02 27 19 45
2016 02 28 07 35
2016 02 28 16 59
2016 02 28 22 38
2016 03 01 07 54
2016 03 02 10 06
2016 03 02 12 40
2016 03 02 14 51
2016 03 02 16 48
2016 03 02 22 19
2016 03 02 22 37
2016 03 03 11 13
2016 03 03 13 17
2016 03 03 22 32
2016 03 04 17 30
2016 03 04 18 03
2016 03 05 01 28
2016 03 05 05 58
2016 03 06 05 15
2016 03 06 05 59
2016 03 06 07 23
2016 03 06 11 32
2016 03 06 12 35
2016 03 07 01 46
2016 03 07 04 52
2016 03 07 22 22
2016 03 07 23 10
2016 03 08 15 02
2016 03 08 21 11
2016 03 09 11 29
2016 03 10 04 17
2016 03 10 06 33
2016 03 10 23 38
2016 03 11 09 10
2016 03 11 15 30
2016 03 11 23 03
2016 03 12 01 55
2016 03 12 03 22
2016 03 12 06 35
2016 03 12 22 09
2016 03 13 05 02
2016 03 13 09 06
2016 03 14 18 43
2016 03 14 21 03
2016 03 15 03 21
2016 03 16 01 09
2016 03 16 18 31
2016 03 17 22 27
2016 03 19 00 39
2016 03 19 06 47
2016 03 19 07 46
2016 03 20 01 34
2016 03 20 05 51
2016 03 20 14 48
2016 03 20 17 40
2016 03 20 17 51
2016 03 20 23 57
2016 03 21 00 01
2016 03 21 00 03
2016 03 21 07 23
2016 03 21 12 30
2016 03 21 15 10
2016 03 21 22 30
2016 03 21 23 13
2016 03 22 10 49
2016 03 22 20 16
2016 03 23 07 39
2016 03 24 05 15
2016 03 24 06 03
2016 03 24 22 27
2016 03 25 07 40
2016 03 25 16 35
2016 03 25 21 46
2016 03 26 13 25
2016 03 26 14 35
2016 03 26 14 39
2016 03 26 22 37
2016 03 27 08 58
2016 03 27 19 54
2016 03 28 13 53
2016 03 28 16 09
2016 03 28 19 21
2016 03 28 22 03
2016 03 28 22 26
2016 04 01 13 58
2016 04 01 19 50
2016 04 02 13 42
2016 04 02 17 18
2016 04 03 05 38
2016 04 03 07 22
2016 04 03 09 14
2016 04 03 13 40
2016 04 03 17 29
2016 04 04 01 00
2016 04 04 03 34
2016 04 04 22 30
2016 04 05 12 31
2016 04 05 19 54
2016 04 06 05 36
2016 04 06 05 58
2016 04 07 09 30
2016 04 08 07 07
2016 04 09 01 41
2016 04 09 05 00
2016 04 09 05 22
2016 04 10 04 48
2016 04 10 14 20
2016 04 10 15 46
2016 04 10 21 58
2016 04 11 14 21
2016 04 12 20 17
2016 04 12 21 48
2016 04 14 08 52
2016 04 14 09 12
2016 04 14 09 36
2016 04 14 11 03
2016 04 15 04 58
2016 04 15 09 33
2016 04 15 10 01
2016 04 16 02 20
2016 04 16 08 20
2016 04 16 09 12
2016 04 16 14 13
2016 04 17 07 23
2016 04 17 11 00
2016 04 17 17 50
2016 04 18 00 45
2016 04 18 09 58
2016 04 18 13 15
2016 04 19 19 38
2016 04 20 00 26
2016 04 20 06 59
2016 04 21 15 52
2016 04 21 23 56
2016 04 22 00 40
2016 04 22 21 41
2016 04 23 02 11
2016 04 23 02 59
2016 04 23 04 44
2016 04 24 10 11
2016 04 25 13 53
2016 04 25 19 28
2016 04 26 02 12
2016 04 26 06 51
2016 04 27 21 47
2016 04 28 05 05
2016 05 01 07 22
2016 05 02 06 26
2016 05 02 06 39
2016 05 02 08 39
2016 05 02 11 39
2016 05 02 16 49
2016 05 03 13 06
2016 05 03 14 21
2016 05 03 23 48
2016 05 04 05 33
2016 05 04 11 35
2016 05 04 20 23
2016 05 05 09 17
2016 05 05 10 08
2016 05 05 17 51
2016 05 06 02 07
2016 05 06 11 01
2016 05 06 11 39
2016 05 06 17 33
2016 05 06 20 16
2016 05 07 06 30
2016 05 07 11 57
2016 05 09 09 35
2016 05 09 16 37
2016 05 09 21 09
2016 05 09 22 17
2016 05 10 00 27
2016 05 10 00 53
2016 05 11 07 29
2016 05 11 16 53
2016 05 12 19 42
2016 05 13 05 23
2016 05 14 01 13
2016 05 15 01 16
2016 05 16 00 44
2016 05 16 02 02
2016 05 16 04 32
2016 05 16 13 04
2016 05 16 15 28
2016 05 16 15 45
2016 05 16 15 58
2016 05 16 18 16
2016 05 17 08 33
2016 05 17 10 40
2016 05 18 04 56
2016 05 18 13 22
2016 05 18 22 03
2016 05 19 02 40
2016 05 19 03 03
2016 05 19 04 22
2016 05 19 04 24
2016 05 19 11 59
2016 05 19 16 09
2016 05 19 17 34
2016 05 20 14 15
2016 05 20 14 40
2016 05 21 03 33
2016 05 21 14 10
2016 05 21 17 34
2016 05 21 20 54
2016 05 22 07 53
2016 05 22 12 57
2016 05 23 02 36
2016 05 23 07 03
2016 05 24 03 17
2016 05 24 08 08
2016 05 25 00 49
2016 05 25 07 00
2016 05 25 17 35
2016 05 26 05 03
2016 05 26 17 08
2016 05 26 22 06
2016 05 27 06 16
2016 05 27 11 50
2016 05 27 16 33
2016 05 27 17 15
2016 05 27 19 35
2016 05 27 22 26
2016 05 28 01 51
2016 05 28 04 03
2016 05 28 07 03
2016 05 28 07 36
2016 05 28 09 11
2016 05 28 20 03
2016 05 28 21 05
2016 06 01 10 52
2016 06 02 00 12
2016 06 02 00 54
2016 06 02 15 44
2016 06 02 18 16
2016 06 04 08 29
2016 06 04 09 25
2016 06 04 14 35
2016 06 05 09 04
2016 06 06 17 36
2016 06 06 23 47
2016 06 07 23 52
2016 06 08 16 39
2016 06 08 22 46
2016 06 09 14 50
2016 06 09 18 22
2016 06 09 20 53
2016 06 10 05 10
2016 06 10 07 52
2016 06 10 19 17
2016 06 11 02 29
2016 06 12 13 27
2016 06 12 14 29
2016 06 12 20 52
2016 06 12 21 59
2016 06 12 22 14
2016 06 12 22 47
2016 06 12 23 21
2016 06 13 06 23
2016 06 13 09 35
2016 06 13 09 38
2016 06 13 12 10
2016 06 13 17 21
2016 06 14 04 32
2016 06 14 22 21
2016 06 15 11 06
2016 06 15 14 21
2016 06 16 02 14
2016 06 16 02 16
2016 06 16 03 04
2016 06 16 12 22
2016 06 16 12 44
2016 06 17 16 01
2016 06 18 01 18
2016 06 18 09 01
2016 06 18 10 37
2016 06 18 13 36
2016 06 18 23 37
2016 06 19 02 30
2016 06 19 10 09
2016 06 20 07 07
2016 06 20 10 29
2016 06 20 14 25
2016 06 20 21 29
2016 06 20 23 08
2016 06 21 05 34
2016 06 21 09 21
2016 06 21 14 26
2016 06 21 15 58
2016 06 21 21 26
2016 06 21 23 11
2016 06 22 09 58
2016 06 22 11 47
2016 06 22 22 02
2016 06 23 03 04
2016 06 23 13 17
2016 06 23 13 44
2016 06 23 21 55
2016 06 23 22 08
2016 06 24 12 14
2016 06 24 14 27
2016 06 24 16 22
2016 06 25 13 39
2016 06 26 02 20
2016 06 26 03 26
2016 06 26 17 48
2016 06 27 02 17
2016 06 27 05 35
2016 06 27 08 47
2016 06 27 18 07
2016 06 28 01 58
2016 06 28 18 59
2016 07 01 00 22
2016 07 01 19 46
2016 07 02 15 12
2016 07 02 17 37
2016 07 03 08 06
2016 07 03 14 20
2016 07 03 15 24
2016 07 04 06 16
2016 07 04 09 05
2016 07 04 18 52
2016 07 05 09 26
2016 07 05 22 55
2016 07 06 06 28
2016 07 06 12 46
2016 07 06 16 33
2016 07 06 21 58
2016 07 07 03 24
2016 07 07 10 25
2016 07 07 13 39
2016 07 08 17 40
2016 07 08 21 40
2016 07 09 05 39
2016 07 09 09 26
2016 07 09 17 34
2016 07 10 14 54
2016 07 11 00 13
2016 07 11 02 57
2016 07 11 04 48
2016 07 11 22 57
2016 07 12 14 32
2016 07 13 08 18
2016 07 13 17 12
2016 07 13 21 15
2016 07 14 03 06
2016 07 14 11 56
2016 07 15 01 13
2016 07 15 10 26
2016 07 16 05 24
2016 07 16 21 43
2016 07 18 08 24
2016 07 18 11 34
2016 07 18 22 56
2016 07 20 01 08
2016 07 20 11 32
2016 07 23 17 23
2016 07 24 10 53
2016 07 24 16 02
2016 07 24 19 43
2016 07 26 11 27
2016 07 27 01 17
2016 07 27 15 01
2016 07 27 16 17
2016 07 27 19 53
2016 07 27 21 58
2016 07 28 07 37
2016 07 28 12 42
2016 07 28 16 06
2016 08 01 11 04
2016 08 01 19 09
2016 08 02 11 14
2016 08 02 12 43
2016 08 02 17 06
2016 08 02 18 43
2016 08 03 07 33
2016 08 03 08 07
2016 08 03 08 55
2016 08 03 15 33
2016 08 03 16 25
2016 08 03 19 24
2016 08 04 01 06
2016 08 04 16 55
2016 08 04 20 17
2016 08 05 03 15
2016 08 05 04 09
2016 08 05 13 36
2016 08 05 13 54
2016 08 05 17 24
2016 08 06 03 07
2016 08 06 07 26
2016 08 06 10 22
2016 08 06 12 41
2016 08 06 21 53
2016 08 07 01 17
2016 08 07 20 59
2016 08 07 21 55
2016 08 08 06 09
2016 08 08 16 29
2016 08 09 08 28
2016 08 10 04 29
2016 08 11 11 04
2016 08 11 15 45
2016 08 12 12 06
2016 08 13 01 41
2016 08 13 03 10
2016 08 13 05 25
2016 08 13 19 52
2016 08 14 04 39
2016 08 14 07 09
2016 08 16 08 14
2016 08 16 15 40
2016 08 17 00 11
2016 08 17 06 39
2016 08 17 14 42
2016 08 18 01 38
2016 08 18 06 55
2016 08 18 08 21
2016 08 19 13 10
2016 08 19 14 16
2016 08 19 21 39
2016 08 20 08 03
2016 08 20 08 54
2016 08 20 10 10
2016 08 20 19 48
2016 08 21 07 56
2016 08 22 15 57
2016 08 22 21 36
2016 08 23 15 58
2016 08 24 01 30
2016 08 24 02 53
2016 08 24 08 01
2016 08 24 20 50
2016 08 24 22 46
2016 08 25 05 40
2016 08 25 10 50
2016 08 25 12 36
2016 08 25 23 37
2016 08 26 05 52
2016 08 26 12 28
2016 08 27 00 25
2016 08 27 05 10
2016 08 27 11 14
2016 08 27 15 13
2016 08 27 23 48
2016 08 28 01 03
2016 08 28 13 25
2016 08 28 17 10
2016 08 28 18 10
2016 09 01 21 05
2016 09 02 11 39
2016 09 02 14 11
2016 09 02 23 59
2016 09 03 16 18
2016 09 04 13 31
2016 09 04 19 08
2016 09 04 21 47
2016 09 05 12 48
2016 09 05 13 41
2016 09 05 21 47
2016 09 06 14 46
2016 09 06 16 05
2016 09 06 18 59
2016 09 07 00 41
2016 09 07 09 28
2016 09 07 10 57
2016 09 08 15 27
2016 09 08 18 00
2016 09 08 18 33
2016 09 09 08 20
2016 09 09 09 37
2016 09 10 03 09
2016 09 10 20 24
2016 09 11 14 02
2016 09 11 15 09
2016 09 11 19 03
2016 09 12 12 30
2016 09 12 17 29
2016 09 13 23 22
2016 09 14 03 14
2016 09 14 15 45
2016 09 14 16 26
2016 09 14 17 50
2016 09 15 13 00
2016 09 15 21 31
2016 09 16 01 12
2016 09 16 08 09
2016 09 16 09 37
2016 09 16 12 09
2016 09 16 15 02
2016 09 17 09 12
2016 09 17 11 30
2016 09 17 13 42
2016 09 18 04 25
2016 09 18 06 38
2016 09 19 00 53
2016 09 19 00 54
2016 09 19 03 22
2016 09 19 04 32
2016 09 19 20 47
2016 09 19 21 11
2016 09 20 04 32
2016 09 20 05 53
2016 09 20 08 17
2016 09 21 06 59
2016 09 21 09 44
2016 09 22 11 57
2016 09 22 19 08
2016 09 22 19 34
2016 09 23 15 06
2016 09 23 17 12
2016 09 24 07 06
2016 09 24 12 12
2016 09 24 12 53
2016 09 24 21 42
2016 09 25 15 40
2016 09 26 08 43
2016 09 26 11 11
2016 09 26 16 31
2016 09 28 03 08
2016 09 28 09 11
2016 09 28 14 06
2016 09 28 19 41
2016 10 01 14 04
2016 10 01 17 43
2016 10 01 18 06
2016 10 02 09 08
2016 10 02 11 55
2016 10 02 15 29
2016 10 03 01 04
2016 10 04 05 31
2016 10 04 10 50
2016 10 05 17 41
2016 10 06 16 12
2016 10 07 04 44
2016 10 07 12 54
2016 10 08 06 49
2016 10 09 05 48
2016 10 09 13 19
2016 10 10 04 44
2016 10 10 11 19
2016 10 10 20 31
2016 10 11 06 11
2016 10 11 22 33
2016 10 12 00 59
2016 10 12 02 39
2016 10 12 06 09
2016 10 13 09 57
2016 10 13 22 46
2016 10 14 06 29
2016 10 14 13 58
2016 10 14 14 04
2016 10 16 07 11
2016 10 17 06 13
2016 10 17 07 22
2016 10 17 14 28
2016 10 17 20 37
2016 10 17 22 05
2016 10 18 03 39
2016 10 18 15 15
2016 10 19 05 24
2016 10 19 20 27
2016 10 19 21 41
2016 10 20 02 20
2016 10 20 11 49
2016 10 20 21 34
2016 10 20 23 41
2016 10 21 11 33
2016 10 21 15 01
2016 10 21 20 31
2016 10 22 01 54
2016 10 22 07 47
2016 10 22 16 30
2016 10 23 16 47
2016 10 23 20 02
2016 10 25 04 01
2016 10 25 17 29
2016 10 26 06 55
2016 10 26 13 51
2016 10 26 15 27
2016 10 27 09 26
2016 10 28 19 00
2016 10 28 23 03
2016 11 01 04 21
2016 11 01 06 46
2016 11 01 22 48
2016 11 02 02 33
2016 11 02 03 52
2016 11 03 03 05
2016 11 03 07 49
2016 11 03 08 51
2016 11 03 13 30
2016 11 03 20 31
2016 11 04 07 25
2016 11 04 08 00
2016 11 04 08 13
2016 11 04 12 13
2016 11 04 15 49
2016 11 04 19 39
2016 11 05 11 48
2016 11 06 03 44
2016 11 06 07 57
2016 11 06 15 09
2016 11 06 22 02
2016 11 07 02 08
2016 11 07 07 02
2016 11 07 11 36
2016 11 08 14 51
2016 11 09 01 02
2016 11 09 23 47
2016 11 10 04 48
2016 11 10 07 44
2016 11 10 10 05
2016 11 10 10 43
2016 11 10 13 48
2016 11 12 04 55
2016 11 12 09 23
2016 11 12 14 37
2016 11 12 23 00
2016 11 13 16 37
2016 11 13 19 40
2016 11 14 23 09
2016 11 15 01 41
2016 11 16 06 31
2016 11 17 03 17
2016 11 17 05 39
2016 11 17 10 47
2016 11 17 21 53
2016 11 18 18 09
2016 11 18 19 24
2016 11 19 07 10
2016 11 19 14 27
2016 11 19 20 51
2016 11 20 23 47
2016 11 21 18 05
2016 11 21 19 15
2016 11 22 12 36
2016 11 22 19 19
2016 11 22 19 52
2016 11 23 13 39
2016 11 23 13 53
2016 11 23 16 32
2016 11 24 08 48
2016 11 25 05 24
2016 11 25 05 33
2016 11 25 20 45
2016 11 25 23 51
2016 11 26 09 52
2016 11 26 21 33
2016 11 27 03 10
2016 11 27 03 34
2016 11 27 08 03
2016 11 27 13 55
2016 11 27 19 47
2016 11 28 05 14
2016 11 28 13 56
2016 11 28 20 07
2016 11 28 22 58
2016 11 28 23 25
2016 12 01 08 48
2016 12 02 04 51
2016 12 02 19 23
2016 12 03 21 00
2016 12 03 23 58
2016 12 04 04 52
2016 12 04 18 48
2016 12 05 08 32
2016 12 05 11 08
2016 12 05 14 09
2016 12 06 00 14
2016 12 06 09 35
2016 12 06 18 35
2016 12 06 19 40
2016 12 06 22 11
2016 12 06 23 50
2016 12 07 13 21
2016 12 07 17 29
2016 12 07 20 40
2016 12 08 06 56
2016 12 08 10 22
2016 12 08 10 37
2016 12 08 17 02
2016 12 08 17 29
2016 12 08 20 33
2016 12 09 12 27
2016 12 09 23 30
2016 12 10 05 11
2016 12 10 06 57
2016 12 10 14 34
2016 12 10 18 48
2016 12 10 22 43
2016 12 11 01 48
2016 12 11 15 29
2016 12 11 17 53
2016 12 11 18 18
2016 12 12 00 55
2016 12 12 03 14
2016 12 13 02 09
2016 12 13 04 23
2016 12 13 18 40
2016 12 13 23 43
2016 12 14 00 08
2016 12 14 00 15
2016 12 14 08 01
2016 12 15 09 13
2016 12 16 00 43
2016 12 17 13 16
2016 12 17 18 52
2016 12 17 23 57
2016 12 18 00 34
2016 12 18 00 59
2016 12 18 16 18
2016 12 18 18 15
2016 12 18 21 04
2016 12 19 00 58
2016 12 19 10 43
2016 12 19 18 18
2016 12 20 08 34
2016 12 20 13 33
2016 12 20 19 22
2016 12 20 20 38
2016 12 21 04 07
2016 12 21 22 21
2016 12 22 16 34
2016 12 22 19 04
2016 12 22 21 46
2016 12 23 16 49
2016 12 23 19 58
2016 12 24 11 44
2016 12 24 12 33
2016 12 24 17 51
2016 12 24 18 33
2016 12 25 05 11
2016 12 25 21 46
2016 12 26 09 42
2016 12 26 19 06
2016 12 27 00 09
2016 12 27 03 12
2016 12 27 03 36
2016 12 27 08 08
2016 12 27 11 26
2016 12 28 10 06
